# This file was produced by samtools stats (1.24+htslib-1.24) and can be plotted using plot-bamstats
# This file contains statistics for all reads.
# The command line was:  stats /mnt/d/1.WorkDir/RedBook/content/素材/variant-calling/022-gatk-variant-calling/aligned_rg.bam
# CHK, Checksum	[2]Read Names	[3]Sequences	[4]Qualities
# CHK, CRC32 of reads which passed filtering followed by addition (32bit overflow)
CHK	94d2d7da	444c131b	7cbb71d0
# Summary Numbers. Use `grep ^SN | cut -f 2-` to extract this part.
SN	raw total sequences:	6000	# excluding supplementary and secondary reads
SN	filtered sequences:	0
SN	sequences:	6000
SN	is sorted:	1	# sorted by coordinate
SN	1st fragments:	3000
SN	last fragments:	3000
SN	reads mapped:	5954
SN	reads mapped and paired:	5942	# paired-end technology bit set + both mates mapped
SN	reads unmapped:	46
SN	reads properly paired:	3042	# proper-pair bit set
SN	reads paired:	6000	# paired-end technology bit set
SN	reads duplicated:	0	# PCR or optical duplicate bit set
SN	reads MQ0:	0	# mapped and MQ=0
SN	reads QC failed:	0
SN	non-primary alignments:	0
SN	supplementary alignments:	0
SN	total length:	600000	# ignores clipping
SN	total first fragment length:	300000	# ignores clipping
SN	total last fragment length:	300000	# ignores clipping
SN	bases mapped:	595400	# ignores clipping
SN	bases mapped (cigar):	595400	# more accurate
SN	bases trimmed:	0
SN	bases duplicated:	0
SN	mismatches:	13053	# from NM fields
SN	error rate:	2.192308e-02	# mismatches / bases mapped (cigar)
SN	average length:	100
SN	average first fragment length:	100
SN	average last fragment length:	100
SN	maximum length:	100
SN	maximum first fragment length:	100
SN	maximum last fragment length:	100
SN	average quality:	17.0
SN	insert size average:	498.0
SN	insert size standard deviation:	48.5
SN	inward oriented pairs:	2971
SN	outward oriented pairs:	0
SN	pairs with other orientation:	0
SN	pairs on different chromosomes:	0
SN	percentage of properly paired reads (%):	50.7
# First Fragment Qualities. Use `grep ^FFQ | cut -f 2-` to extract this part.
# Columns correspond to qualities and rows to cycles. First column is the cycle number.
FFQ	1	0	0	0	0	0	0	0	0	0	0	0	0	0	0	0	0	0	3000	0
FFQ	2	0	0	0	0	0	0	0	0	0	0	0	0	0	0	0	0	0	3000	0
FFQ	3	0	0	0	0	0	0	0	0	0	0	0	0	0	0	0	0	0	3000	0
FFQ	4	0	0	0	0	0	0	0	0	0	0	0	0	0	0	0	0	0	3000	0
FFQ	5	0	0	0	0	0	0	0	0	0	0	0	0	0	0	0	0	0	3000	0
FFQ	6	0	0	0	0	0	0	0	0	0	0	0	0	0	0	0	0	0	3000	0
FFQ	7	0	0	0	0	0	0	0	0	0	0	0	0	0	0	0	0	0	3000	0
FFQ	8	0	0	0	0	0	0	0	0	0	0	0	0	0	0	0	0	0	3000	0
FFQ	9	0	0	0	0	0	0	0	0	0	0	0	0	0	0	0	0	0	3000	0
FFQ	10	0	0	0	0	0	0	0	0	0	0	0	0	0	0	0	0	0	3000	0
FFQ	11	0	0	0	0	0	0	0	0	0	0	0	0	0	0	0	0	0	3000	0
FFQ	12	0	0	0	0	0	0	0	0	0	0	0	0	0	0	0	0	0	3000	0
FFQ	13	0	0	0	0	0	0	0	0	0	0	0	0	0	0	0	0	0	3000	0
FFQ	14	0	0	0	0	0	0	0	0	0	0	0	0	0	0	0	0	0	3000	0
FFQ	15	0	0	0	0	0	0	0	0	0	0	0	0	0	0	0	0	0	3000	0
FFQ	16	0	0	0	0	0	0	0	0	0	0	0	0	0	0	0	0	0	3000	0
FFQ	17	0	0	0	0	0	0	0	0	0	0	0	0	0	0	0	0	0	3000	0
FFQ	18	0	0	0	0	0	0	0	0	0	0	0	0	0	0	0	0	0	3000	0
FFQ	19	0	0	0	0	0	0	0	0	0	0	0	0	0	0	0	0	0	3000	0
FFQ	20	0	0	0	0	0	0	0	0	0	0	0	0	0	0	0	0	0	3000	0
FFQ	21	0	0	0	0	0	0	0	0	0	0	0	0	0	0	0	0	0	3000	0
FFQ	22	0	0	0	0	0	0	0	0	0	0	0	0	0	0	0	0	0	3000	0
FFQ	23	0	0	0	0	0	0	0	0	0	0	0	0	0	0	0	0	0	3000	0
FFQ	24	0	0	0	0	0	0	0	0	0	0	0	0	0	0	0	0	0	3000	0
FFQ	25	0	0	0	0	0	0	0	0	0	0	0	0	0	0	0	0	0	3000	0
FFQ	26	0	0	0	0	0	0	0	0	0	0	0	0	0	0	0	0	0	3000	0
FFQ	27	0	0	0	0	0	0	0	0	0	0	0	0	0	0	0	0	0	3000	0
FFQ	28	0	0	0	0	0	0	0	0	0	0	0	0	0	0	0	0	0	3000	0
FFQ	29	0	0	0	0	0	0	0	0	0	0	0	0	0	0	0	0	0	3000	0
FFQ	30	0	0	0	0	0	0	0	0	0	0	0	0	0	0	0	0	0	3000	0
FFQ	31	0	0	0	0	0	0	0	0	0	0	0	0	0	0	0	0	0	3000	0
FFQ	32	0	0	0	0	0	0	0	0	0	0	0	0	0	0	0	0	0	3000	0
FFQ	33	0	0	0	0	0	0	0	0	0	0	0	0	0	0	0	0	0	3000	0
FFQ	34	0	0	0	0	0	0	0	0	0	0	0	0	0	0	0	0	0	3000	0
FFQ	35	0	0	0	0	0	0	0	0	0	0	0	0	0	0	0	0	0	3000	0
FFQ	36	0	0	0	0	0	0	0	0	0	0	0	0	0	0	0	0	0	3000	0
FFQ	37	0	0	0	0	0	0	0	0	0	0	0	0	0	0	0	0	0	3000	0
FFQ	38	0	0	0	0	0	0	0	0	0	0	0	0	0	0	0	0	0	3000	0
FFQ	39	0	0	0	0	0	0	0	0	0	0	0	0	0	0	0	0	0	3000	0
FFQ	40	0	0	0	0	0	0	0	0	0	0	0	0	0	0	0	0	0	3000	0
FFQ	41	0	0	0	0	0	0	0	0	0	0	0	0	0	0	0	0	0	3000	0
FFQ	42	0	0	0	0	0	0	0	0	0	0	0	0	0	0	0	0	0	3000	0
FFQ	43	0	0	0	0	0	0	0	0	0	0	0	0	0	0	0	0	0	3000	0
FFQ	44	0	0	0	0	0	0	0	0	0	0	0	0	0	0	0	0	0	3000	0
FFQ	45	0	0	0	0	0	0	0	0	0	0	0	0	0	0	0	0	0	3000	0
FFQ	46	0	0	0	0	0	0	0	0	0	0	0	0	0	0	0	0	0	3000	0
FFQ	47	0	0	0	0	0	0	0	0	0	0	0	0	0	0	0	0	0	3000	0
FFQ	48	0	0	0	0	0	0	0	0	0	0	0	0	0	0	0	0	0	3000	0
FFQ	49	0	0	0	0	0	0	0	0	0	0	0	0	0	0	0	0	0	3000	0
FFQ	50	0	0	0	0	0	0	0	0	0	0	0	0	0	0	0	0	0	3000	0
FFQ	51	0	0	0	0	0	0	0	0	0	0	0	0	0	0	0	0	0	3000	0
FFQ	52	0	0	0	0	0	0	0	0	0	0	0	0	0	0	0	0	0	3000	0
FFQ	53	0	0	0	0	0	0	0	0	0	0	0	0	0	0	0	0	0	3000	0
FFQ	54	0	0	0	0	0	0	0	0	0	0	0	0	0	0	0	0	0	3000	0
FFQ	55	0	0	0	0	0	0	0	0	0	0	0	0	0	0	0	0	0	3000	0
FFQ	56	0	0	0	0	0	0	0	0	0	0	0	0	0	0	0	0	0	3000	0
FFQ	57	0	0	0	0	0	0	0	0	0	0	0	0	0	0	0	0	0	3000	0
FFQ	58	0	0	0	0	0	0	0	0	0	0	0	0	0	0	0	0	0	3000	0
FFQ	59	0	0	0	0	0	0	0	0	0	0	0	0	0	0	0	0	0	3000	0
FFQ	60	0	0	0	0	0	0	0	0	0	0	0	0	0	0	0	0	0	3000	0
FFQ	61	0	0	0	0	0	0	0	0	0	0	0	0	0	0	0	0	0	3000	0
FFQ	62	0	0	0	0	0	0	0	0	0	0	0	0	0	0	0	0	0	3000	0
FFQ	63	0	0	0	0	0	0	0	0	0	0	0	0	0	0	0	0	0	3000	0
FFQ	64	0	0	0	0	0	0	0	0	0	0	0	0	0	0	0	0	0	3000	0
FFQ	65	0	0	0	0	0	0	0	0	0	0	0	0	0	0	0	0	0	3000	0
FFQ	66	0	0	0	0	0	0	0	0	0	0	0	0	0	0	0	0	0	3000	0
FFQ	67	0	0	0	0	0	0	0	0	0	0	0	0	0	0	0	0	0	3000	0
FFQ	68	0	0	0	0	0	0	0	0	0	0	0	0	0	0	0	0	0	3000	0
FFQ	69	0	0	0	0	0	0	0	0	0	0	0	0	0	0	0	0	0	3000	0
FFQ	70	0	0	0	0	0	0	0	0	0	0	0	0	0	0	0	0	0	3000	0
FFQ	71	0	0	0	0	0	0	0	0	0	0	0	0	0	0	0	0	0	3000	0
FFQ	72	0	0	0	0	0	0	0	0	0	0	0	0	0	0	0	0	0	3000	0
FFQ	73	0	0	0	0	0	0	0	0	0	0	0	0	0	0	0	0	0	3000	0
FFQ	74	0	0	0	0	0	0	0	0	0	0	0	0	0	0	0	0	0	3000	0
FFQ	75	0	0	0	0	0	0	0	0	0	0	0	0	0	0	0	0	0	3000	0
FFQ	76	0	0	0	0	0	0	0	0	0	0	0	0	0	0	0	0	0	3000	0
FFQ	77	0	0	0	0	0	0	0	0	0	0	0	0	0	0	0	0	0	3000	0
FFQ	78	0	0	0	0	0	0	0	0	0	0	0	0	0	0	0	0	0	3000	0
FFQ	79	0	0	0	0	0	0	0	0	0	0	0	0	0	0	0	0	0	3000	0
FFQ	80	0	0	0	0	0	0	0	0	0	0	0	0	0	0	0	0	0	3000	0
FFQ	81	0	0	0	0	0	0	0	0	0	0	0	0	0	0	0	0	0	3000	0
FFQ	82	0	0	0	0	0	0	0	0	0	0	0	0	0	0	0	0	0	3000	0
FFQ	83	0	0	0	0	0	0	0	0	0	0	0	0	0	0	0	0	0	3000	0
FFQ	84	0	0	0	0	0	0	0	0	0	0	0	0	0	0	0	0	0	3000	0
FFQ	85	0	0	0	0	0	0	0	0	0	0	0	0	0	0	0	0	0	3000	0
FFQ	86	0	0	0	0	0	0	0	0	0	0	0	0	0	0	0	0	0	3000	0
FFQ	87	0	0	0	0	0	0	0	0	0	0	0	0	0	0	0	0	0	3000	0
FFQ	88	0	0	0	0	0	0	0	0	0	0	0	0	0	0	0	0	0	3000	0
FFQ	89	0	0	0	0	0	0	0	0	0	0	0	0	0	0	0	0	0	3000	0
FFQ	90	0	0	0	0	0	0	0	0	0	0	0	0	0	0	0	0	0	3000	0
FFQ	91	0	0	0	0	0	0	0	0	0	0	0	0	0	0	0	0	0	3000	0
FFQ	92	0	0	0	0	0	0	0	0	0	0	0	0	0	0	0	0	0	3000	0
FFQ	93	0	0	0	0	0	0	0	0	0	0	0	0	0	0	0	0	0	3000	0
FFQ	94	0	0	0	0	0	0	0	0	0	0	0	0	0	0	0	0	0	3000	0
FFQ	95	0	0	0	0	0	0	0	0	0	0	0	0	0	0	0	0	0	3000	0
FFQ	96	0	0	0	0	0	0	0	0	0	0	0	0	0	0	0	0	0	3000	0
FFQ	97	0	0	0	0	0	0	0	0	0	0	0	0	0	0	0	0	0	3000	0
FFQ	98	0	0	0	0	0	0	0	0	0	0	0	0	0	0	0	0	0	3000	0
FFQ	99	0	0	0	0	0	0	0	0	0	0	0	0	0	0	0	0	0	3000	0
FFQ	100	0	0	0	0	0	0	0	0	0	0	0	0	0	0	0	0	0	3000	0
# Last Fragment Qualities. Use `grep ^LFQ | cut -f 2-` to extract this part.
# Columns correspond to qualities and rows to cycles. First column is the cycle number.
LFQ	1	0	0	0	0	0	0	0	0	0	0	0	0	0	0	0	0	0	3000	0
LFQ	2	0	0	0	0	0	0	0	0	0	0	0	0	0	0	0	0	0	3000	0
LFQ	3	0	0	0	0	0	0	0	0	0	0	0	0	0	0	0	0	0	3000	0
LFQ	4	0	0	0	0	0	0	0	0	0	0	0	0	0	0	0	0	0	3000	0
LFQ	5	0	0	0	0	0	0	0	0	0	0	0	0	0	0	0	0	0	3000	0
LFQ	6	0	0	0	0	0	0	0	0	0	0	0	0	0	0	0	0	0	3000	0
LFQ	7	0	0	0	0	0	0	0	0	0	0	0	0	0	0	0	0	0	3000	0
LFQ	8	0	0	0	0	0	0	0	0	0	0	0	0	0	0	0	0	0	3000	0
LFQ	9	0	0	0	0	0	0	0	0	0	0	0	0	0	0	0	0	0	3000	0
LFQ	10	0	0	0	0	0	0	0	0	0	0	0	0	0	0	0	0	0	3000	0
LFQ	11	0	0	0	0	0	0	0	0	0	0	0	0	0	0	0	0	0	3000	0
LFQ	12	0	0	0	0	0	0	0	0	0	0	0	0	0	0	0	0	0	3000	0
LFQ	13	0	0	0	0	0	0	0	0	0	0	0	0	0	0	0	0	0	3000	0
LFQ	14	0	0	0	0	0	0	0	0	0	0	0	0	0	0	0	0	0	3000	0
LFQ	15	0	0	0	0	0	0	0	0	0	0	0	0	0	0	0	0	0	3000	0
LFQ	16	0	0	0	0	0	0	0	0	0	0	0	0	0	0	0	0	0	3000	0
LFQ	17	0	0	0	0	0	0	0	0	0	0	0	0	0	0	0	0	0	3000	0
LFQ	18	0	0	0	0	0	0	0	0	0	0	0	0	0	0	0	0	0	3000	0
LFQ	19	0	0	0	0	0	0	0	0	0	0	0	0	0	0	0	0	0	3000	0
LFQ	20	0	0	0	0	0	0	0	0	0	0	0	0	0	0	0	0	0	3000	0
LFQ	21	0	0	0	0	0	0	0	0	0	0	0	0	0	0	0	0	0	3000	0
LFQ	22	0	0	0	0	0	0	0	0	0	0	0	0	0	0	0	0	0	3000	0
LFQ	23	0	0	0	0	0	0	0	0	0	0	0	0	0	0	0	0	0	3000	0
LFQ	24	0	0	0	0	0	0	0	0	0	0	0	0	0	0	0	0	0	3000	0
LFQ	25	0	0	0	0	0	0	0	0	0	0	0	0	0	0	0	0	0	3000	0
LFQ	26	0	0	0	0	0	0	0	0	0	0	0	0	0	0	0	0	0	3000	0
LFQ	27	0	0	0	0	0	0	0	0	0	0	0	0	0	0	0	0	0	3000	0
LFQ	28	0	0	0	0	0	0	0	0	0	0	0	0	0	0	0	0	0	3000	0
LFQ	29	0	0	0	0	0	0	0	0	0	0	0	0	0	0	0	0	0	3000	0
LFQ	30	0	0	0	0	0	0	0	0	0	0	0	0	0	0	0	0	0	3000	0
LFQ	31	0	0	0	0	0	0	0	0	0	0	0	0	0	0	0	0	0	3000	0
LFQ	32	0	0	0	0	0	0	0	0	0	0	0	0	0	0	0	0	0	3000	0
LFQ	33	0	0	0	0	0	0	0	0	0	0	0	0	0	0	0	0	0	3000	0
LFQ	34	0	0	0	0	0	0	0	0	0	0	0	0	0	0	0	0	0	3000	0
LFQ	35	0	0	0	0	0	0	0	0	0	0	0	0	0	0	0	0	0	3000	0
LFQ	36	0	0	0	0	0	0	0	0	0	0	0	0	0	0	0	0	0	3000	0
LFQ	37	0	0	0	0	0	0	0	0	0	0	0	0	0	0	0	0	0	3000	0
LFQ	38	0	0	0	0	0	0	0	0	0	0	0	0	0	0	0	0	0	3000	0
LFQ	39	0	0	0	0	0	0	0	0	0	0	0	0	0	0	0	0	0	3000	0
LFQ	40	0	0	0	0	0	0	0	0	0	0	0	0	0	0	0	0	0	3000	0
LFQ	41	0	0	0	0	0	0	0	0	0	0	0	0	0	0	0	0	0	3000	0
LFQ	42	0	0	0	0	0	0	0	0	0	0	0	0	0	0	0	0	0	3000	0
LFQ	43	0	0	0	0	0	0	0	0	0	0	0	0	0	0	0	0	0	3000	0
LFQ	44	0	0	0	0	0	0	0	0	0	0	0	0	0	0	0	0	0	3000	0
LFQ	45	0	0	0	0	0	0	0	0	0	0	0	0	0	0	0	0	0	3000	0
LFQ	46	0	0	0	0	0	0	0	0	0	0	0	0	0	0	0	0	0	3000	0
LFQ	47	0	0	0	0	0	0	0	0	0	0	0	0	0	0	0	0	0	3000	0
LFQ	48	0	0	0	0	0	0	0	0	0	0	0	0	0	0	0	0	0	3000	0
LFQ	49	0	0	0	0	0	0	0	0	0	0	0	0	0	0	0	0	0	3000	0
LFQ	50	0	0	0	0	0	0	0	0	0	0	0	0	0	0	0	0	0	3000	0
LFQ	51	0	0	0	0	0	0	0	0	0	0	0	0	0	0	0	0	0	3000	0
LFQ	52	0	0	0	0	0	0	0	0	0	0	0	0	0	0	0	0	0	3000	0
LFQ	53	0	0	0	0	0	0	0	0	0	0	0	0	0	0	0	0	0	3000	0
LFQ	54	0	0	0	0	0	0	0	0	0	0	0	0	0	0	0	0	0	3000	0
LFQ	55	0	0	0	0	0	0	0	0	0	0	0	0	0	0	0	0	0	3000	0
LFQ	56	0	0	0	0	0	0	0	0	0	0	0	0	0	0	0	0	0	3000	0
LFQ	57	0	0	0	0	0	0	0	0	0	0	0	0	0	0	0	0	0	3000	0
LFQ	58	0	0	0	0	0	0	0	0	0	0	0	0	0	0	0	0	0	3000	0
LFQ	59	0	0	0	0	0	0	0	0	0	0	0	0	0	0	0	0	0	3000	0
LFQ	60	0	0	0	0	0	0	0	0	0	0	0	0	0	0	0	0	0	3000	0
LFQ	61	0	0	0	0	0	0	0	0	0	0	0	0	0	0	0	0	0	3000	0
LFQ	62	0	0	0	0	0	0	0	0	0	0	0	0	0	0	0	0	0	3000	0
LFQ	63	0	0	0	0	0	0	0	0	0	0	0	0	0	0	0	0	0	3000	0
LFQ	64	0	0	0	0	0	0	0	0	0	0	0	0	0	0	0	0	0	3000	0
LFQ	65	0	0	0	0	0	0	0	0	0	0	0	0	0	0	0	0	0	3000	0
LFQ	66	0	0	0	0	0	0	0	0	0	0	0	0	0	0	0	0	0	3000	0
LFQ	67	0	0	0	0	0	0	0	0	0	0	0	0	0	0	0	0	0	3000	0
LFQ	68	0	0	0	0	0	0	0	0	0	0	0	0	0	0	0	0	0	3000	0
LFQ	69	0	0	0	0	0	0	0	0	0	0	0	0	0	0	0	0	0	3000	0
LFQ	70	0	0	0	0	0	0	0	0	0	0	0	0	0	0	0	0	0	3000	0
LFQ	71	0	0	0	0	0	0	0	0	0	0	0	0	0	0	0	0	0	3000	0
LFQ	72	0	0	0	0	0	0	0	0	0	0	0	0	0	0	0	0	0	3000	0
LFQ	73	0	0	0	0	0	0	0	0	0	0	0	0	0	0	0	0	0	3000	0
LFQ	74	0	0	0	0	0	0	0	0	0	0	0	0	0	0	0	0	0	3000	0
LFQ	75	0	0	0	0	0	0	0	0	0	0	0	0	0	0	0	0	0	3000	0
LFQ	76	0	0	0	0	0	0	0	0	0	0	0	0	0	0	0	0	0	3000	0
LFQ	77	0	0	0	0	0	0	0	0	0	0	0	0	0	0	0	0	0	3000	0
LFQ	78	0	0	0	0	0	0	0	0	0	0	0	0	0	0	0	0	0	3000	0
LFQ	79	0	0	0	0	0	0	0	0	0	0	0	0	0	0	0	0	0	3000	0
LFQ	80	0	0	0	0	0	0	0	0	0	0	0	0	0	0	0	0	0	3000	0
LFQ	81	0	0	0	0	0	0	0	0	0	0	0	0	0	0	0	0	0	3000	0
LFQ	82	0	0	0	0	0	0	0	0	0	0	0	0	0	0	0	0	0	3000	0
LFQ	83	0	0	0	0	0	0	0	0	0	0	0	0	0	0	0	0	0	3000	0
LFQ	84	0	0	0	0	0	0	0	0	0	0	0	0	0	0	0	0	0	3000	0
LFQ	85	0	0	0	0	0	0	0	0	0	0	0	0	0	0	0	0	0	3000	0
LFQ	86	0	0	0	0	0	0	0	0	0	0	0	0	0	0	0	0	0	3000	0
LFQ	87	0	0	0	0	0	0	0	0	0	0	0	0	0	0	0	0	0	3000	0
LFQ	88	0	0	0	0	0	0	0	0	0	0	0	0	0	0	0	0	0	3000	0
LFQ	89	0	0	0	0	0	0	0	0	0	0	0	0	0	0	0	0	0	3000	0
LFQ	90	0	0	0	0	0	0	0	0	0	0	0	0	0	0	0	0	0	3000	0
LFQ	91	0	0	0	0	0	0	0	0	0	0	0	0	0	0	0	0	0	3000	0
LFQ	92	0	0	0	0	0	0	0	0	0	0	0	0	0	0	0	0	0	3000	0
LFQ	93	0	0	0	0	0	0	0	0	0	0	0	0	0	0	0	0	0	3000	0
LFQ	94	0	0	0	0	0	0	0	0	0	0	0	0	0	0	0	0	0	3000	0
LFQ	95	0	0	0	0	0	0	0	0	0	0	0	0	0	0	0	0	0	3000	0
LFQ	96	0	0	0	0	0	0	0	0	0	0	0	0	0	0	0	0	0	3000	0
LFQ	97	0	0	0	0	0	0	0	0	0	0	0	0	0	0	0	0	0	3000	0
LFQ	98	0	0	0	0	0	0	0	0	0	0	0	0	0	0	0	0	0	3000	0
LFQ	99	0	0	0	0	0	0	0	0	0	0	0	0	0	0	0	0	0	3000	0
LFQ	100	0	0	0	0	0	0	0	0	0	0	0	0	0	0	0	0	0	3000	0
# GC Content of first fragments. Use `grep ^GCF | cut -f 2-` to extract this part.
GCF	16.83	0
GCF	34.67	1
GCF	36.18	4
GCF	37.19	8
GCF	38.19	7
GCF	39.20	13
GCF	40.20	21
GCF	41.21	36
GCF	42.21	37
GCF	43.22	83
GCF	44.22	99
GCF	45.23	140
GCF	46.23	181
GCF	47.24	175
GCF	48.24	205
GCF	49.25	260
GCF	50.25	252
GCF	51.26	226
GCF	52.26	222
GCF	53.27	187
GCF	54.27	185
GCF	55.28	186
GCF	56.28	113
GCF	57.29	105
GCF	58.29	99
GCF	59.30	63
GCF	60.30	35
GCF	61.31	29
GCF	62.31	16
GCF	63.32	5
GCF	64.32	6
# GC Content of last fragments. Use `grep ^GCL | cut -f 2-` to extract this part.
GCL	17.34	0
GCL	35.18	1
GCL	36.18	2
GCL	37.19	9
GCL	38.19	10
GCL	39.20	13
GCL	40.20	24
GCL	41.21	25
GCL	42.21	47
GCL	43.22	62
GCL	44.22	116
GCL	45.23	148
GCL	46.23	158
GCL	47.24	190
GCL	48.24	208
GCL	49.25	245
GCL	50.25	246
GCL	51.26	217
GCL	52.26	181
GCL	53.27	187
GCL	54.27	202
GCL	55.28	204
GCL	56.28	140
GCL	57.29	117
GCL	58.29	94
GCL	59.30	75
GCL	60.30	34
GCL	61.31	23
GCL	62.31	17
GCL	63.32	5
# ACGT content per cycle. Use `grep ^GCC | cut -f 2-` to extract this part. The columns are: cycle; A,C,G,T base counts as a percentage of all A/C/G/T bases [%]; and N and O counts as a percentage of all A/C/G/T bases [%]
GCC	1	24.60	25.55	24.77	25.08	0.00	0.00
GCC	2	25.12	24.62	25.07	25.20	0.00	0.00
GCC	3	24.98	25.80	25.07	24.15	0.00	0.00
GCC	4	23.93	25.60	25.98	24.48	0.00	0.00
GCC	5	24.10	26.27	24.72	24.92	0.00	0.00
GCC	6	24.88	23.87	26.52	24.73	0.00	0.00
GCC	7	24.50	25.05	25.48	24.97	0.00	0.00
GCC	8	24.92	25.92	25.10	24.07	0.00	0.00
GCC	9	24.93	25.12	24.83	25.12	0.00	0.00
GCC	10	24.37	25.27	26.03	24.33	0.00	0.00
GCC	11	23.72	25.85	24.87	25.57	0.00	0.00
GCC	12	24.97	26.12	25.18	23.73	0.00	0.00
GCC	13	24.15	25.52	25.78	24.55	0.00	0.00
GCC	14	23.18	25.17	25.55	26.10	0.00	0.00
GCC	15	25.47	25.82	25.02	23.70	0.00	0.00
GCC	16	24.65	25.50	25.00	24.85	0.00	0.00
GCC	17	24.65	24.82	25.33	25.20	0.00	0.00
GCC	18	24.32	24.95	25.95	24.78	0.00	0.00
GCC	19	24.82	24.95	24.68	25.55	0.00	0.00
GCC	20	24.07	25.13	24.85	25.95	0.00	0.00
GCC	21	25.47	25.12	24.90	24.52	0.00	0.00
GCC	22	25.53	26.45	23.78	24.23	0.00	0.00
GCC	23	24.77	24.65	25.03	25.55	0.00	0.00
GCC	24	24.50	25.03	25.63	24.83	0.00	0.00
GCC	25	25.48	25.23	25.58	23.70	0.00	0.00
GCC	26	24.57	26.13	24.97	24.33	0.00	0.00
GCC	27	24.77	24.80	25.68	24.75	0.00	0.00
GCC	28	25.20	25.62	24.82	24.37	0.00	0.00
GCC	29	24.97	25.23	24.10	25.70	0.00	0.00
GCC	30	25.05	25.23	24.82	24.90	0.00	0.00
GCC	31	24.33	26.42	25.08	24.17	0.00	0.00
GCC	32	25.05	24.60	24.95	25.40	0.00	0.00
GCC	33	25.27	25.05	24.48	25.20	0.00	0.00
GCC	34	24.28	25.40	25.48	24.83	0.00	0.00
GCC	35	25.50	24.45	25.20	24.85	0.00	0.00
GCC	36	24.67	24.82	25.48	25.03	0.00	0.00
GCC	37	23.13	25.42	26.23	25.22	0.00	0.00
GCC	38	24.85	25.47	25.98	23.70	0.00	0.00
GCC	39	25.17	25.35	25.43	24.05	0.00	0.00
GCC	40	24.28	24.77	26.07	24.88	0.00	0.00
GCC	41	24.42	25.68	25.20	24.70	0.00	0.00
GCC	42	24.37	26.57	25.78	23.28	0.00	0.00
GCC	43	25.78	25.07	24.17	24.98	0.00	0.00
GCC	44	24.67	24.47	26.38	24.48	0.00	0.00
GCC	45	24.62	25.20	26.03	24.15	0.00	0.00
GCC	46	24.85	25.12	25.72	24.32	0.00	0.00
GCC	47	25.60	25.83	23.75	24.82	0.00	0.00
GCC	48	24.45	25.08	26.12	24.35	0.00	0.00
GCC	49	24.23	25.92	25.03	24.82	0.00	0.00
GCC	50	24.12	25.22	25.73	24.93	0.00	0.00
GCC	51	24.30	24.92	25.48	25.30	0.00	0.00
GCC	52	24.95	24.92	25.45	24.68	0.00	0.00
GCC	53	24.42	25.23	24.88	25.47	0.00	0.00
GCC	54	26.20	24.83	25.17	23.80	0.00	0.00
GCC	55	24.52	25.72	24.98	24.78	0.00	0.00
GCC	56	24.67	25.18	25.43	24.72	0.00	0.00
GCC	57	24.43	25.22	24.65	25.70	0.00	0.00
GCC	58	24.15	25.65	25.52	24.68	0.00	0.00
GCC	59	23.90	25.33	24.97	25.80	0.00	0.00
GCC	60	25.43	24.83	25.22	24.52	0.00	0.00
GCC	61	23.75	25.47	25.55	25.23	0.00	0.00
GCC	62	25.55	24.60	24.85	25.00	0.00	0.00
GCC	63	24.30	25.48	24.97	25.25	0.00	0.00
GCC	64	24.75	25.08	24.87	25.30	0.00	0.00
GCC	65	24.95	25.68	24.97	24.40	0.00	0.00
GCC	66	25.07	24.95	25.55	24.43	0.00	0.00
GCC	67	24.75	25.38	24.95	24.92	0.00	0.00
GCC	68	24.90	24.55	25.27	25.28	0.00	0.00
GCC	69	24.02	25.67	25.90	24.42	0.00	0.00
GCC	70	25.40	25.28	24.90	24.42	0.00	0.00
GCC	71	23.67	26.00	25.92	24.42	0.00	0.00
GCC	72	23.50	26.17	24.77	25.57	0.00	0.00
GCC	73	24.83	24.83	26.12	24.22	0.00	0.00
GCC	74	25.15	23.87	25.37	25.62	0.00	0.00
GCC	75	25.48	25.12	25.00	24.40	0.00	0.00
GCC	76	24.85	25.73	25.20	24.22	0.00	0.00
GCC	77	25.02	25.52	24.75	24.72	0.00	0.00
GCC	78	23.82	25.38	26.00	24.80	0.00	0.00
GCC	79	24.50	25.58	25.75	24.17	0.00	0.00
GCC	80	23.97	25.82	25.80	24.42	0.00	0.00
GCC	81	25.20	25.87	24.70	24.23	0.00	0.00
GCC	82	24.52	26.17	25.07	24.25	0.00	0.00
GCC	83	23.40	26.78	25.67	24.15	0.00	0.00
GCC	84	25.32	25.55	25.30	23.83	0.00	0.00
GCC	85	23.62	25.35	26.32	24.72	0.00	0.00
GCC	86	24.33	24.68	26.03	24.95	0.00	0.00
GCC	87	25.28	25.58	24.62	24.52	0.00	0.00
GCC	88	25.37	25.05	25.08	24.50	0.00	0.00
GCC	89	23.82	25.43	25.60	25.15	0.00	0.00
GCC	90	24.88	25.82	24.30	25.00	0.00	0.00
GCC	91	25.78	24.93	25.55	23.73	0.00	0.00
GCC	92	24.80	24.53	25.35	25.32	0.00	0.00
GCC	93	24.52	25.35	25.68	24.45	0.00	0.00
GCC	94	24.67	24.93	25.57	24.83	0.00	0.00
GCC	95	24.63	25.17	25.47	24.73	0.00	0.00
GCC	96	24.42	25.00	25.88	24.70	0.00	0.00
GCC	97	25.03	25.37	25.65	23.95	0.00	0.00
GCC	98	25.40	24.63	24.30	25.67	0.00	0.00
GCC	99	24.03	25.43	25.45	25.08	0.00	0.00
GCC	100	25.07	25.00	25.27	24.67	0.00	0.00
# ACGT content per cycle, read oriented. Use `grep ^GCT | cut -f 2-` to extract this part. The columns are: cycle; A,C,G,T base counts as a percentage of all A/C/G/T bases [%]
GCT	1	24.43	24.68	25.63	25.25
GCT	2	24.93	25.33	24.35	25.38
GCT	3	24.13	25.58	25.28	25.00
GCT	4	24.85	25.95	25.63	23.57
GCT	5	24.85	24.82	26.17	24.17
GCT	6	24.22	25.17	25.22	25.40
GCT	7	23.97	25.25	25.28	25.50
GCT	8	24.20	24.63	26.38	24.78
GCT	9	24.43	24.58	25.37	25.62
GCT	10	24.10	25.40	25.90	24.60
GCT	11	24.83	25.80	24.92	24.45
GCT	12	23.62	26.00	25.30	25.08
GCT	13	23.85	25.58	25.72	24.85
GCT	14	24.38	24.07	26.65	24.90
GCT	15	24.75	24.97	25.87	24.42
GCT	16	25.12	24.80	25.70	24.38
GCT	17	24.83	25.00	25.15	25.02
GCT	18	24.67	25.67	25.23	24.43
GCT	19	24.87	25.00	24.63	25.50
GCT	20	25.20	25.03	24.95	24.82
GCT	21	25.27	24.72	25.30	24.72
GCT	22	24.58	24.80	25.43	25.18
GCT	23	25.10	25.48	24.20	25.22
GCT	24	24.55	24.48	26.18	24.78
GCT	25	24.78	25.00	25.82	24.40
GCT	26	24.18	25.35	25.75	24.72
GCT	27	25.77	25.57	24.92	23.75
GCT	28	24.72	25.33	25.10	24.85
GCT	29	24.60	24.67	24.67	26.07
GCT	30	24.60	24.75	25.30	25.35
GCT	31	24.07	26.05	25.45	24.43
GCT	32	25.45	25.47	24.08	25.00
GCT	33	25.22	24.93	24.60	25.25
GCT	34	24.18	24.80	26.08	24.93
GCT	35	25.28	25.53	24.12	25.07
GCT	36	24.68	25.47	24.83	25.02
GCT	37	24.32	26.03	25.62	24.03
GCT	38	23.87	25.02	26.43	24.68
GCT	39	23.77	25.15	25.63	25.45
GCT	40	24.08	24.80	26.03	25.08
GCT	41	24.73	25.10	25.78	24.38
GCT	42	24.72	26.32	26.03	22.93
GCT	43	26.02	24.33	24.90	24.75
GCT	44	24.33	25.70	25.15	24.82
GCT	45	24.68	25.00	26.23	24.08
GCT	46	24.83	25.03	25.80	24.33
GCT	47	25.65	24.88	24.70	24.77
GCT	48	24.50	25.47	25.73	24.30
GCT	49	25.37	25.18	25.77	23.68
GCT	50	24.07	25.90	25.05	24.98
GCT	51	24.32	23.70	26.70	25.28
GCT	52	24.35	24.62	25.75	25.28
GCT	53	24.48	24.83	25.28	25.40
GCT	54	25.02	25.08	24.92	24.98
GCT	55	24.27	24.77	25.93	25.03
GCT	56	24.52	24.27	26.35	24.87
GCT	57	25.53	25.52	24.35	24.60
GCT	58	24.72	25.65	25.52	24.12
GCT	59	24.12	24.75	25.55	25.58
GCT	60	24.88	24.85	25.20	25.07
GCT	61	25.00	25.25	25.77	23.98
GCT	62	24.85	24.70	24.75	25.70
GCT	63	24.78	24.60	25.85	24.77
GCT	64	24.82	25.68	24.27	25.23
GCT	65	24.20	24.67	25.98	25.15
GCT	66	24.30	25.35	25.15	25.20
GCT	67	25.60	25.60	24.73	24.07
GCT	68	25.28	24.93	24.88	24.90
GCT	69	24.22	26.37	25.20	24.22
GCT	70	24.68	24.17	26.02	25.13
GCT	71	24.02	25.62	26.30	24.07
GCT	72	24.62	25.68	25.25	24.45
GCT	73	25.00	24.83	26.12	24.05
GCT	74	25.15	24.17	25.07	25.62
GCT	75	23.87	24.20	25.92	26.02
GCT	76	24.30	25.72	25.22	24.77
GCT	77	24.55	24.65	25.62	25.18
GCT	78	24.62	25.02	26.37	24.00
GCT	79	24.55	26.33	25.00	24.12
GCT	80	24.37	25.42	26.20	24.02
GCT	81	24.20	25.40	25.17	25.23
GCT	82	24.65	25.30	25.93	24.12
GCT	83	23.57	26.12	26.33	23.98
GCT	84	24.23	25.83	25.02	24.92
GCT	85	23.33	26.00	25.67	25.00
GCT	86	25.13	24.52	26.20	24.15
GCT	87	24.25	24.48	25.72	25.55
GCT	88	24.47	24.82	25.32	25.40
GCT	89	24.65	25.90	25.13	24.32
GCT	90	24.55	25.35	24.77	25.33
GCT	91	25.55	24.77	25.72	23.97
GCT	92	24.32	24.38	25.50	25.80
GCT	93	25.13	25.20	25.83	23.83
GCT	94	24.50	24.03	26.47	25.00
GCT	95	24.87	24.30	26.33	24.50
GCT	96	24.02	25.37	25.52	25.10
GCT	97	24.73	25.53	25.48	24.25
GCT	98	25.67	25.20	23.73	25.40
GCT	99	25.50	24.97	25.92	23.62
GCT	100	24.60	25.80	24.47	25.13
# ACGT content per cycle for first fragments. Use `grep ^FBC | cut -f 2-` to extract this part. The columns are: cycle; A,C,G,T base counts as a percentage of all A/C/G/T bases [%]; and N and O counts as a percentage of all A/C/G/T bases [%]
FBC	1	25.13	25.30	25.90	23.67	0.00	0.00
FBC	2	23.90	25.43	25.43	25.23	0.00	0.00
FBC	3	25.67	25.77	25.00	23.57	0.00	0.00
FBC	4	23.33	24.83	26.43	25.40	0.00	0.00
FBC	5	23.13	26.70	25.07	25.10	0.00	0.00
FBC	6	25.27	22.80	26.17	25.77	0.00	0.00
FBC	7	24.10	24.33	25.60	25.97	0.00	0.00
FBC	8	23.87	26.83	24.57	24.73	0.00	0.00
FBC	9	24.80	25.83	24.60	24.77	0.00	0.00
FBC	10	24.27	25.83	25.07	24.83	0.00	0.00
FBC	11	24.10	25.43	24.83	25.63	0.00	0.00
FBC	12	24.57	26.23	25.50	23.70	0.00	0.00
FBC	13	24.50	25.53	25.63	24.33	0.00	0.00
FBC	14	23.23	23.77	25.67	27.33	0.00	0.00
FBC	15	25.57	25.07	25.10	24.27	0.00	0.00
FBC	16	24.73	25.10	24.80	25.37	0.00	0.00
FBC	17	24.93	23.57	25.57	25.93	0.00	0.00
FBC	18	24.03	24.53	25.63	25.80	0.00	0.00
FBC	19	24.20	25.23	24.43	26.13	0.00	0.00
FBC	20	23.70	25.77	25.40	25.13	0.00	0.00
FBC	21	24.93	25.07	25.43	24.57	0.00	0.00
FBC	22	25.80	26.40	23.87	23.93	0.00	0.00
FBC	23	25.40	24.50	25.67	24.43	0.00	0.00
FBC	24	24.43	25.07	25.17	25.33	0.00	0.00
FBC	25	25.63	25.70	25.07	23.60	0.00	0.00
FBC	26	24.63	24.90	24.27	26.20	0.00	0.00
FBC	27	24.10	24.77	25.73	25.40	0.00	0.00
FBC	28	25.07	25.23	24.77	24.93	0.00	0.00
FBC	29	24.30	25.60	24.23	25.87	0.00	0.00
FBC	30	25.20	25.00	24.33	25.47	0.00	0.00
FBC	31	24.10	26.27	25.80	23.83	0.00	0.00
FBC	32	25.23	24.27	24.80	25.70	0.00	0.00
FBC	33	25.47	24.93	24.10	25.50	0.00	0.00
FBC	34	23.90	24.60	26.47	25.03	0.00	0.00
FBC	35	24.70	25.07	24.53	25.70	0.00	0.00
FBC	36	24.70	24.70	25.50	25.10	0.00	0.00
FBC	37	22.13	25.80	26.87	25.20	0.00	0.00
FBC	38	24.43	25.43	25.60	24.53	0.00	0.00
FBC	39	24.87	26.00	24.20	24.93	0.00	0.00
FBC	40	24.20	24.10	26.27	25.43	0.00	0.00
FBC	41	24.20	25.30	24.87	25.63	0.00	0.00
FBC	42	24.90	27.13	24.97	23.00	0.00	0.00
FBC	43	23.97	24.93	25.90	25.20	0.00	0.00
FBC	44	25.57	24.90	26.17	23.37	0.00	0.00
FBC	45	25.37	24.73	25.67	24.23	0.00	0.00
FBC	46	25.10	25.37	24.70	24.83	0.00	0.00
FBC	47	25.03	25.97	24.67	24.33	0.00	0.00
FBC	48	24.43	25.10	26.00	24.47	0.00	0.00
FBC	49	24.67	26.23	24.67	24.43	0.00	0.00
FBC	50	24.67	24.63	25.40	25.30	0.00	0.00
FBC	51	24.47	23.93	25.30	26.30	0.00	0.00
FBC	52	24.40	24.67	25.67	25.27	0.00	0.00
FBC	53	24.43	26.07	24.97	24.53	0.00	0.00
FBC	54	26.47	24.67	24.30	24.57	0.00	0.00
FBC	55	24.70	26.90	24.43	23.97	0.00	0.00
FBC	56	24.40	24.77	26.43	24.40	0.00	0.00
FBC	57	23.53	25.87	25.63	24.97	0.00	0.00
FBC	58	24.93	25.40	25.70	23.97	0.00	0.00
FBC	59	23.40	25.23	25.47	25.90	0.00	0.00
FBC	60	26.30	24.97	24.87	23.87	0.00	0.00
FBC	61	23.17	23.87	26.37	26.60	0.00	0.00
FBC	62	25.93	24.20	24.43	25.43	0.00	0.00
FBC	63	24.17	26.10	24.80	24.93	0.00	0.00
FBC	64	23.90	25.20	25.40	25.50	0.00	0.00
FBC	65	25.23	25.70	25.37	23.70	0.00	0.00
FBC	66	25.03	25.50	24.57	24.90	0.00	0.00
FBC	67	24.83	25.90	24.23	25.03	0.00	0.00
FBC	68	24.17	24.37	26.33	25.13	0.00	0.00
FBC	69	23.80	26.23	26.53	23.43	0.00	0.00
FBC	70	25.93	25.60	23.90	24.57	0.00	0.00
FBC	71	23.13	26.80	25.93	24.13	0.00	0.00
FBC	72	24.00	26.60	23.77	25.63	0.00	0.00
FBC	73	24.80	24.67	26.33	24.20	0.00	0.00
FBC	74	25.73	22.87	24.63	26.77	0.00	0.00
FBC	75	26.30	24.50	25.10	24.10	0.00	0.00
FBC	76	24.37	25.30	26.20	24.13	0.00	0.00
FBC	77	25.40	24.73	25.67	24.20	0.00	0.00
FBC	78	24.20	25.50	24.83	25.47	0.00	0.00
FBC	79	24.80	25.77	25.93	23.50	0.00	0.00
FBC	80	24.47	25.90	25.60	24.03	0.00	0.00
FBC	81	26.00	25.83	23.57	24.60	0.00	0.00
FBC	82	24.60	25.60	25.90	23.90	0.00	0.00
FBC	83	23.70	25.77	27.07	23.47	0.00	0.00
FBC	84	26.33	24.87	25.00	23.80	0.00	0.00
FBC	85	23.67	25.73	26.43	24.17	0.00	0.00
FBC	86	25.17	25.00	26.73	23.10	0.00	0.00
FBC	87	24.93	25.53	25.87	23.67	0.00	0.00
FBC	88	25.17	24.60	25.50	24.73	0.00	0.00
FBC	89	23.93	25.40	26.80	23.87	0.00	0.00
FBC	90	23.93	26.30	24.73	25.03	0.00	0.00
FBC	91	25.93	24.03	24.67	25.37	0.00	0.00
FBC	92	25.97	24.03	25.33	24.67	0.00	0.00
FBC	93	25.17	25.63	25.43	23.77	0.00	0.00
FBC	94	24.23	24.40	25.43	25.93	0.00	0.00
FBC	95	24.77	25.00	25.43	24.80	0.00	0.00
FBC	96	23.17	24.83	26.60	25.40	0.00	0.00
FBC	97	25.07	24.93	26.20	23.80	0.00	0.00
FBC	98	24.83	24.33	24.43	26.40	0.00	0.00
FBC	99	24.17	24.97	25.70	25.17	0.00	0.00
FBC	100	24.17	25.30	25.63	24.90	0.00	0.00
# ACGT raw counters for first fragments. Use `grep ^FTC | cut -f 2-` to extract this part. The columns are: A,C,G,T,N base counters
FTC	73904	75644	75997	74455	0
# ACGT content per cycle for last fragments. Use `grep ^LBC | cut -f 2-` to extract this part. The columns are: cycle; A,C,G,T base counts as a percentage of all A/C/G/T bases [%]; and N and O counts as a percentage of all A/C/G/T bases [%]
LBC	1	24.07	25.80	23.63	26.50	0.00	0.00
LBC	2	26.33	23.80	24.70	25.17	0.00	0.00
LBC	3	24.30	25.83	25.13	24.73	0.00	0.00
LBC	4	24.53	26.37	25.53	23.57	0.00	0.00
LBC	5	25.07	25.83	24.37	24.73	0.00	0.00
LBC	6	24.50	24.93	26.87	23.70	0.00	0.00
LBC	7	24.90	25.77	25.37	23.97	0.00	0.00
LBC	8	25.97	25.00	25.63	23.40	0.00	0.00
LBC	9	25.07	24.40	25.07	25.47	0.00	0.00
LBC	10	24.47	24.70	27.00	23.83	0.00	0.00
LBC	11	23.33	26.27	24.90	25.50	0.00	0.00
LBC	12	25.37	26.00	24.87	23.77	0.00	0.00
LBC	13	23.80	25.50	25.93	24.77	0.00	0.00
LBC	14	23.13	26.57	25.43	24.87	0.00	0.00
LBC	15	25.37	26.57	24.93	23.13	0.00	0.00
LBC	16	24.57	25.90	25.20	24.33	0.00	0.00
LBC	17	24.37	26.07	25.10	24.47	0.00	0.00
LBC	18	24.60	25.37	26.27	23.77	0.00	0.00
LBC	19	25.43	24.67	24.93	24.97	0.00	0.00
LBC	20	24.43	24.50	24.30	26.77	0.00	0.00
LBC	21	26.00	25.17	24.37	24.47	0.00	0.00
LBC	22	25.27	26.50	23.70	24.53	0.00	0.00
LBC	23	24.13	24.80	24.40	26.67	0.00	0.00
LBC	24	24.57	25.00	26.10	24.33	0.00	0.00
LBC	25	25.33	24.77	26.10	23.80	0.00	0.00
LBC	26	24.50	27.37	25.67	22.47	0.00	0.00
LBC	27	25.43	24.83	25.63	24.10	0.00	0.00
LBC	28	25.33	26.00	24.87	23.80	0.00	0.00
LBC	29	25.63	24.87	23.97	25.53	0.00	0.00
LBC	30	24.90	25.47	25.30	24.33	0.00	0.00
LBC	31	24.57	26.57	24.37	24.50	0.00	0.00
LBC	32	24.87	24.93	25.10	25.10	0.00	0.00
LBC	33	25.07	25.17	24.87	24.90	0.00	0.00
LBC	34	24.67	26.20	24.50	24.63	0.00	0.00
LBC	35	26.30	23.83	25.87	24.00	0.00	0.00
LBC	36	24.63	24.93	25.47	24.97	0.00	0.00
LBC	37	24.13	25.03	25.60	25.23	0.00	0.00
LBC	38	25.27	25.50	26.37	22.87	0.00	0.00
LBC	39	25.47	24.70	26.67	23.17	0.00	0.00
LBC	40	24.37	25.43	25.87	24.33	0.00	0.00
LBC	41	24.63	26.07	25.53	23.77	0.00	0.00
LBC	42	23.83	26.00	26.60	23.57	0.00	0.00
LBC	43	27.60	25.20	22.43	24.77	0.00	0.00
LBC	44	23.77	24.03	26.60	25.60	0.00	0.00
LBC	45	23.87	25.67	26.40	24.07	0.00	0.00
LBC	46	24.60	24.87	26.73	23.80	0.00	0.00
LBC	47	26.17	25.70	22.83	25.30	0.00	0.00
LBC	48	24.47	25.07	26.23	24.23	0.00	0.00
LBC	49	23.80	25.60	25.40	25.20	0.00	0.00
LBC	50	23.57	25.80	26.07	24.57	0.00	0.00
LBC	51	24.13	25.90	25.67	24.30	0.00	0.00
LBC	52	25.50	25.17	25.23	24.10	0.00	0.00
LBC	53	24.40	24.40	24.80	26.40	0.00	0.00
LBC	54	25.93	25.00	26.03	23.03	0.00	0.00
LBC	55	24.33	24.53	25.53	25.60	0.00	0.00
LBC	56	24.93	25.60	24.43	25.03	0.00	0.00
LBC	57	25.33	24.57	23.67	26.43	0.00	0.00
LBC	58	23.37	25.90	25.33	25.40	0.00	0.00
LBC	59	24.40	25.43	24.47	25.70	0.00	0.00
LBC	60	24.57	24.70	25.57	25.17	0.00	0.00
LBC	61	24.33	27.07	24.73	23.87	0.00	0.00
LBC	62	25.17	25.00	25.27	24.57	0.00	0.00
LBC	63	24.43	24.87	25.13	25.57	0.00	0.00
LBC	64	25.60	24.97	24.33	25.10	0.00	0.00
LBC	65	24.67	25.67	24.57	25.10	0.00	0.00
LBC	66	25.10	24.40	26.53	23.97	0.00	0.00
LBC	67	24.67	24.87	25.67	24.80	0.00	0.00
LBC	68	25.63	24.73	24.20	25.43	0.00	0.00
LBC	69	24.23	25.10	25.27	25.40	0.00	0.00
LBC	70	24.87	24.97	25.90	24.27	0.00	0.00
LBC	71	24.20	25.20	25.90	24.70	0.00	0.00
LBC	72	23.00	25.73	25.77	25.50	0.00	0.00
LBC	73	24.87	25.00	25.90	24.23	0.00	0.00
LBC	74	24.57	24.87	26.10	24.47	0.00	0.00
LBC	75	24.67	25.73	24.90	24.70	0.00	0.00
LBC	76	25.33	26.17	24.20	24.30	0.00	0.00
LBC	77	24.63	26.30	23.83	25.23	0.00	0.00
LBC	78	23.43	25.27	27.17	24.13	0.00	0.00
LBC	79	24.20	25.40	25.57	24.83	0.00	0.00
LBC	80	23.47	25.73	26.00	24.80	0.00	0.00
LBC	81	24.40	25.90	25.83	23.87	0.00	0.00
LBC	82	24.43	26.73	24.23	24.60	0.00	0.00
LBC	83	23.10	27.80	24.27	24.83	0.00	0.00
LBC	84	24.30	26.23	25.60	23.87	0.00	0.00
LBC	85	23.57	24.97	26.20	25.27	0.00	0.00
LBC	86	23.50	24.37	25.33	26.80	0.00	0.00
LBC	87	25.63	25.63	23.37	25.37	0.00	0.00
LBC	88	25.57	25.50	24.67	24.27	0.00	0.00
LBC	89	23.70	25.47	24.40	26.43	0.00	0.00
LBC	90	25.83	25.33	23.87	24.97	0.00	0.00
LBC	91	25.63	25.83	26.43	22.10	0.00	0.00
LBC	92	23.63	25.03	25.37	25.97	0.00	0.00
LBC	93	23.87	25.07	25.93	25.13	0.00	0.00
LBC	94	25.10	25.47	25.70	23.73	0.00	0.00
LBC	95	24.50	25.33	25.50	24.67	0.00	0.00
LBC	96	25.67	25.17	25.17	24.00	0.00	0.00
LBC	97	25.00	25.80	25.10	24.10	0.00	0.00
LBC	98	25.97	24.93	24.17	24.93	0.00	0.00
LBC	99	23.90	25.90	25.20	25.00	0.00	0.00
LBC	100	25.97	24.70	24.90	24.43	0.00	0.00
# ACGT raw counters for last fragments. Use `grep ^LTC | cut -f 2-` to extract this part. The columns are: A,C,G,T,N base counters
LTC	74147	76209	75710	73934	0
# Insert sizes. Use `grep ^IS | cut -f 2-` to extract this part. The columns are: insert size, pairs total, inward oriented pairs, outward oriented pairs, other pairs
IS	0	0	0	0	0
IS	1	0	0	0	0
IS	2	0	0	0	0
IS	3	0	0	0	0
IS	4	0	0	0	0
IS	5	0	0	0	0
IS	6	0	0	0	0
IS	7	0	0	0	0
IS	8	0	0	0	0
IS	9	0	0	0	0
IS	10	0	0	0	0
IS	11	0	0	0	0
IS	12	0	0	0	0
IS	13	0	0	0	0
IS	14	0	0	0	0
IS	15	0	0	0	0
IS	16	0	0	0	0
IS	17	0	0	0	0
IS	18	0	0	0	0
IS	19	0	0	0	0
IS	20	0	0	0	0
IS	21	0	0	0	0
IS	22	0	0	0	0
IS	23	0	0	0	0
IS	24	0	0	0	0
IS	25	0	0	0	0
IS	26	0	0	0	0
IS	27	0	0	0	0
IS	28	0	0	0	0
IS	29	0	0	0	0
IS	30	0	0	0	0
IS	31	0	0	0	0
IS	32	0	0	0	0
IS	33	0	0	0	0
IS	34	0	0	0	0
IS	35	0	0	0	0
IS	36	0	0	0	0
IS	37	0	0	0	0
IS	38	0	0	0	0
IS	39	0	0	0	0
IS	40	0	0	0	0
IS	41	0	0	0	0
IS	42	0	0	0	0
IS	43	0	0	0	0
IS	44	0	0	0	0
IS	45	0	0	0	0
IS	46	0	0	0	0
IS	47	0	0	0	0
IS	48	0	0	0	0
IS	49	0	0	0	0
IS	50	0	0	0	0
IS	51	0	0	0	0
IS	52	0	0	0	0
IS	53	0	0	0	0
IS	54	0	0	0	0
IS	55	0	0	0	0
IS	56	0	0	0	0
IS	57	0	0	0	0
IS	58	0	0	0	0
IS	59	0	0	0	0
IS	60	0	0	0	0
IS	61	0	0	0	0
IS	62	0	0	0	0
IS	63	0	0	0	0
IS	64	0	0	0	0
IS	65	0	0	0	0
IS	66	0	0	0	0
IS	67	0	0	0	0
IS	68	0	0	0	0
IS	69	0	0	0	0
IS	70	0	0	0	0
IS	71	0	0	0	0
IS	72	0	0	0	0
IS	73	0	0	0	0
IS	74	0	0	0	0
IS	75	0	0	0	0
IS	76	0	0	0	0
IS	77	0	0	0	0
IS	78	0	0	0	0
IS	79	0	0	0	0
IS	80	0	0	0	0
IS	81	0	0	0	0
IS	82	0	0	0	0
IS	83	0	0	0	0
IS	84	0	0	0	0
IS	85	0	0	0	0
IS	86	0	0	0	0
IS	87	0	0	0	0
IS	88	0	0	0	0
IS	89	0	0	0	0
IS	90	0	0	0	0
IS	91	0	0	0	0
IS	92	0	0	0	0
IS	93	0	0	0	0
IS	94	0	0	0	0
IS	95	0	0	0	0
IS	96	0	0	0	0
IS	97	0	0	0	0
IS	98	0	0	0	0
IS	99	0	0	0	0
IS	100	0	0	0	0
IS	101	0	0	0	0
IS	102	0	0	0	0
IS	103	0	0	0	0
IS	104	0	0	0	0
IS	105	0	0	0	0
IS	106	0	0	0	0
IS	107	0	0	0	0
IS	108	0	0	0	0
IS	109	0	0	0	0
IS	110	0	0	0	0
IS	111	0	0	0	0
IS	112	0	0	0	0
IS	113	0	0	0	0
IS	114	0	0	0	0
IS	115	0	0	0	0
IS	116	0	0	0	0
IS	117	0	0	0	0
IS	118	0	0	0	0
IS	119	0	0	0	0
IS	120	0	0	0	0
IS	121	0	0	0	0
IS	122	0	0	0	0
IS	123	0	0	0	0
IS	124	0	0	0	0
IS	125	0	0	0	0
IS	126	0	0	0	0
IS	127	0	0	0	0
IS	128	0	0	0	0
IS	129	0	0	0	0
IS	130	0	0	0	0
IS	131	0	0	0	0
IS	132	0	0	0	0
IS	133	0	0	0	0
IS	134	0	0	0	0
IS	135	0	0	0	0
IS	136	0	0	0	0
IS	137	0	0	0	0
IS	138	0	0	0	0
IS	139	0	0	0	0
IS	140	0	0	0	0
IS	141	0	0	0	0
IS	142	0	0	0	0
IS	143	0	0	0	0
IS	144	0	0	0	0
IS	145	0	0	0	0
IS	146	0	0	0	0
IS	147	0	0	0	0
IS	148	0	0	0	0
IS	149	0	0	0	0
IS	150	0	0	0	0
IS	151	0	0	0	0
IS	152	0	0	0	0
IS	153	0	0	0	0
IS	154	0	0	0	0
IS	155	0	0	0	0
IS	156	0	0	0	0
IS	157	0	0	0	0
IS	158	0	0	0	0
IS	159	0	0	0	0
IS	160	0	0	0	0
IS	161	0	0	0	0
IS	162	0	0	0	0
IS	163	0	0	0	0
IS	164	0	0	0	0
IS	165	0	0	0	0
IS	166	0	0	0	0
IS	167	0	0	0	0
IS	168	0	0	0	0
IS	169	0	0	0	0
IS	170	0	0	0	0
IS	171	0	0	0	0
IS	172	0	0	0	0
IS	173	0	0	0	0
IS	174	0	0	0	0
IS	175	0	0	0	0
IS	176	0	0	0	0
IS	177	0	0	0	0
IS	178	0	0	0	0
IS	179	0	0	0	0
IS	180	0	0	0	0
IS	181	0	0	0	0
IS	182	0	0	0	0
IS	183	0	0	0	0
IS	184	0	0	0	0
IS	185	0	0	0	0
IS	186	0	0	0	0
IS	187	0	0	0	0
IS	188	0	0	0	0
IS	189	0	0	0	0
IS	190	0	0	0	0
IS	191	0	0	0	0
IS	192	0	0	0	0
IS	193	0	0	0	0
IS	194	0	0	0	0
IS	195	0	0	0	0
IS	196	0	0	0	0
IS	197	0	0	0	0
IS	198	0	0	0	0
IS	199	0	0	0	0
IS	200	0	0	0	0
IS	201	0	0	0	0
IS	202	0	0	0	0
IS	203	0	0	0	0
IS	204	0	0	0	0
IS	205	0	0	0	0
IS	206	0	0	0	0
IS	207	0	0	0	0
IS	208	0	0	0	0
IS	209	0	0	0	0
IS	210	0	0	0	0
IS	211	0	0	0	0
IS	212	0	0	0	0
IS	213	0	0	0	0
IS	214	0	0	0	0
IS	215	0	0	0	0
IS	216	0	0	0	0
IS	217	0	0	0	0
IS	218	0	0	0	0
IS	219	0	0	0	0
IS	220	0	0	0	0
IS	221	0	0	0	0
IS	222	0	0	0	0
IS	223	0	0	0	0
IS	224	0	0	0	0
IS	225	0	0	0	0
IS	226	0	0	0	0
IS	227	0	0	0	0
IS	228	0	0	0	0
IS	229	0	0	0	0
IS	230	0	0	0	0
IS	231	0	0	0	0
IS	232	0	0	0	0
IS	233	0	0	0	0
IS	234	0	0	0	0
IS	235	0	0	0	0
IS	236	0	0	0	0
IS	237	0	0	0	0
IS	238	0	0	0	0
IS	239	0	0	0	0
IS	240	0	0	0	0
IS	241	0	0	0	0
IS	242	0	0	0	0
IS	243	0	0	0	0
IS	244	0	0	0	0
IS	245	0	0	0	0
IS	246	0	0	0	0
IS	247	0	0	0	0
IS	248	0	0	0	0
IS	249	0	0	0	0
IS	250	0	0	0	0
IS	251	0	0	0	0
IS	252	0	0	0	0
IS	253	0	0	0	0
IS	254	0	0	0	0
IS	255	0	0	0	0
IS	256	0	0	0	0
IS	257	0	0	0	0
IS	258	0	0	0	0
IS	259	0	0	0	0
IS	260	0	0	0	0
IS	261	0	0	0	0
IS	262	0	0	0	0
IS	263	0	0	0	0
IS	264	0	0	0	0
IS	265	0	0	0	0
IS	266	0	0	0	0
IS	267	0	0	0	0
IS	268	0	0	0	0
IS	269	0	0	0	0
IS	270	0	0	0	0
IS	271	0	0	0	0
IS	272	0	0	0	0
IS	273	0	0	0	0
IS	274	0	0	0	0
IS	275	0	0	0	0
IS	276	0	0	0	0
IS	277	0	0	0	0
IS	278	0	0	0	0
IS	279	0	0	0	0
IS	280	0	0	0	0
IS	281	0	0	0	0
IS	282	0	0	0	0
IS	283	0	0	0	0
IS	284	0	0	0	0
IS	285	0	0	0	0
IS	286	0	0	0	0
IS	287	0	0	0	0
IS	288	0	0	0	0
IS	289	0	0	0	0
IS	290	0	0	0	0
IS	291	0	0	0	0
IS	292	0	0	0	0
IS	293	0	0	0	0
IS	294	0	0	0	0
IS	295	0	0	0	0
IS	296	0	0	0	0
IS	297	0	0	0	0
IS	298	0	0	0	0
IS	299	0	0	0	0
IS	300	0	0	0	0
IS	301	0	0	0	0
IS	302	0	0	0	0
IS	303	0	0	0	0
IS	304	0	0	0	0
IS	305	0	0	0	0
IS	306	0	0	0	0
IS	307	0	0	0	0
IS	308	0	0	0	0
IS	309	0	0	0	0
IS	310	0	0	0	0
IS	311	0	0	0	0
IS	312	0	0	0	0
IS	313	0	0	0	0
IS	314	0	0	0	0
IS	315	0	0	0	0
IS	316	0	0	0	0
IS	317	0	0	0	0
IS	318	0	0	0	0
IS	319	0	0	0	0
IS	320	0	0	0	0
IS	321	0	0	0	0
IS	322	0	0	0	0
IS	323	0	0	0	0
IS	324	0	0	0	0
IS	325	0	0	0	0
IS	326	0	0	0	0
IS	327	0	0	0	0
IS	328	0	0	0	0
IS	329	0	0	0	0
IS	330	0	0	0	0
IS	331	0	0	0	0
IS	332	1	1	0	0
IS	333	0	0	0	0
IS	334	0	0	0	0
IS	335	0	0	0	0
IS	336	0	0	0	0
IS	337	0	0	0	0
IS	338	0	0	0	0
IS	339	0	0	0	0
IS	340	0	0	0	0
IS	341	0	0	0	0
IS	342	0	0	0	0
IS	343	0	0	0	0
IS	344	0	0	0	0
IS	345	0	0	0	0
IS	346	0	0	0	0
IS	347	0	0	0	0
IS	348	0	0	0	0
IS	349	0	0	0	0
IS	350	1	1	0	0
IS	351	0	0	0	0
IS	352	0	0	0	0
IS	353	0	0	0	0
IS	354	1	1	0	0
IS	355	0	0	0	0
IS	356	0	0	0	0
IS	357	1	1	0	0
IS	358	2	2	0	0
IS	359	1	1	0	0
IS	360	0	0	0	0
IS	361	0	0	0	0
IS	362	1	1	0	0
IS	363	1	1	0	0
IS	364	0	0	0	0
IS	365	1	1	0	0
IS	366	0	0	0	0
IS	367	2	2	0	0
IS	368	0	0	0	0
IS	369	0	0	0	0
IS	370	0	0	0	0
IS	371	0	0	0	0
IS	372	2	2	0	0
IS	373	1	1	0	0
IS	374	2	2	0	0
IS	375	0	0	0	0
IS	376	0	0	0	0
IS	377	1	1	0	0
IS	378	0	0	0	0
IS	379	3	3	0	0
IS	380	2	2	0	0
IS	381	0	0	0	0
IS	382	0	0	0	0
IS	383	4	4	0	0
IS	384	1	1	0	0
IS	385	2	2	0	0
IS	386	0	0	0	0
IS	387	0	0	0	0
IS	388	6	6	0	0
IS	389	2	2	0	0
IS	390	6	6	0	0
IS	391	1	1	0	0
IS	392	4	4	0	0
IS	393	2	2	0	0
IS	394	3	3	0	0
IS	395	4	4	0	0
IS	396	1	1	0	0
IS	397	4	4	0	0
IS	398	6	6	0	0
IS	399	4	4	0	0
IS	400	3	3	0	0
IS	401	3	3	0	0
IS	402	3	3	0	0
IS	403	5	5	0	0
IS	404	3	3	0	0
IS	405	5	5	0	0
IS	406	2	2	0	0
IS	407	7	7	0	0
IS	408	4	4	0	0
IS	409	6	6	0	0
IS	410	4	4	0	0
IS	411	8	8	0	0
IS	412	4	4	0	0
IS	413	12	12	0	0
IS	414	4	4	0	0
IS	415	8	8	0	0
IS	416	6	6	0	0
IS	417	4	4	0	0
IS	418	2	2	0	0
IS	419	5	5	0	0
IS	420	8	8	0	0
IS	421	5	5	0	0
IS	422	3	3	0	0
IS	423	8	8	0	0
IS	424	6	6	0	0
IS	425	8	8	0	0
IS	426	4	4	0	0
IS	427	8	8	0	0
IS	428	8	8	0	0
IS	429	8	8	0	0
IS	430	8	8	0	0
IS	431	8	8	0	0
IS	432	7	7	0	0
IS	433	8	8	0	0
IS	434	11	11	0	0
IS	435	15	15	0	0
IS	436	12	12	0	0
IS	437	8	8	0	0
IS	438	9	9	0	0
IS	439	12	12	0	0
IS	440	11	11	0	0
IS	441	8	8	0	0
IS	442	11	11	0	0
IS	443	6	6	0	0
IS	444	8	8	0	0
IS	445	17	17	0	0
IS	446	13	13	0	0
IS	447	13	13	0	0
IS	448	12	12	0	0
IS	449	18	18	0	0
IS	450	19	19	0	0
IS	451	20	20	0	0
IS	452	22	22	0	0
IS	453	17	17	0	0
IS	454	15	15	0	0
IS	455	18	18	0	0
IS	456	17	17	0	0
IS	457	21	21	0	0
IS	458	17	17	0	0
IS	459	20	20	0	0
IS	460	14	14	0	0
IS	461	22	22	0	0
IS	462	21	21	0	0
IS	463	17	17	0	0
IS	464	23	23	0	0
IS	465	14	14	0	0
IS	466	22	22	0	0
IS	467	14	14	0	0
IS	468	22	22	0	0
IS	469	30	30	0	0
IS	470	23	23	0	0
IS	471	18	18	0	0
IS	472	20	20	0	0
IS	473	16	16	0	0
IS	474	12	12	0	0
IS	475	26	26	0	0
IS	476	14	14	0	0
IS	477	27	27	0	0
IS	478	17	17	0	0
IS	479	22	22	0	0
IS	480	18	18	0	0
IS	481	25	25	0	0
IS	482	21	21	0	0
IS	483	20	20	0	0
IS	484	19	19	0	0
IS	485	21	21	0	0
IS	486	26	26	0	0
IS	487	19	19	0	0
IS	488	22	22	0	0
IS	489	16	16	0	0
IS	490	31	31	0	0
IS	491	29	29	0	0
IS	492	20	20	0	0
IS	493	12	12	0	0
IS	494	16	16	0	0
IS	495	33	33	0	0
IS	496	20	20	0	0
IS	497	26	26	0	0
IS	498	32	32	0	0
IS	499	26	26	0	0
IS	500	37	37	0	0
IS	501	14	14	0	0
IS	502	30	30	0	0
IS	503	22	22	0	0
IS	504	21	21	0	0
IS	505	22	22	0	0
IS	506	16	16	0	0
IS	507	18	18	0	0
IS	508	33	33	0	0
IS	509	24	24	0	0
IS	510	22	22	0	0
IS	511	29	29	0	0
IS	512	20	20	0	0
IS	513	24	24	0	0
IS	514	24	24	0	0
IS	515	29	29	0	0
IS	516	21	21	0	0
IS	517	34	34	0	0
IS	518	140	140	0	0
IS	519	9	9	0	0
IS	520	8	8	0	0
IS	521	4	4	0	0
IS	522	7	7	0	0
IS	523	11	11	0	0
IS	524	14	14	0	0
IS	525	13	13	0	0
IS	526	13	13	0	0
IS	527	6	6	0	0
IS	528	11	11	0	0
IS	529	13	13	0	0
IS	530	6	6	0	0
IS	531	11	11	0	0
IS	532	19	19	0	0
IS	533	22	22	0	0
IS	534	11	11	0	0
IS	535	25	25	0	0
IS	536	24	24	0	0
IS	537	19	19	0	0
IS	538	12	12	0	0
IS	539	15	15	0	0
IS	540	21	21	0	0
IS	541	25	25	0	0
IS	542	23	23	0	0
IS	543	12	12	0	0
IS	544	10	10	0	0
IS	545	24	24	0	0
IS	546	18	18	0	0
IS	547	19	19	0	0
IS	548	11	11	0	0
IS	549	14	14	0	0
IS	550	14	14	0	0
IS	551	13	13	0	0
IS	552	12	12	0	0
IS	553	15	15	0	0
IS	554	8	8	0	0
IS	555	15	15	0	0
IS	556	9	9	0	0
IS	557	17	17	0	0
IS	558	11	11	0	0
IS	559	14	14	0	0
IS	560	9	9	0	0
IS	561	12	12	0	0
IS	562	8	8	0	0
IS	563	9	9	0	0
IS	564	8	8	0	0
IS	565	6	6	0	0
IS	566	7	7	0	0
IS	567	9	9	0	0
IS	568	4	4	0	0
IS	569	12	12	0	0
IS	570	3	3	0	0
IS	571	9	9	0	0
IS	572	14	14	0	0
IS	573	9	9	0	0
IS	574	8	8	0	0
IS	575	7	7	0	0
IS	576	6	6	0	0
IS	577	10	10	0	0
IS	578	2	2	0	0
IS	579	4	4	0	0
IS	580	6	6	0	0
IS	581	7	7	0	0
IS	582	4	4	0	0
IS	583	11	11	0	0
IS	584	10	10	0	0
IS	585	1	1	0	0
IS	586	2	2	0	0
IS	587	3	3	0	0
IS	588	6	6	0	0
IS	589	11	11	0	0
IS	590	3	3	0	0
IS	591	9	9	0	0
IS	592	3	3	0	0
IS	593	3	3	0	0
IS	594	4	4	0	0
IS	595	3	3	0	0
IS	596	1	1	0	0
IS	597	1	1	0	0
IS	598	3	3	0	0
IS	599	5	5	0	0
IS	600	0	0	0	0
IS	601	2	2	0	0
IS	602	2	2	0	0
IS	603	5	5	0	0
IS	604	2	2	0	0
IS	605	2	2	0	0
IS	606	4	4	0	0
IS	607	3	3	0	0
IS	608	5	5	0	0
IS	609	0	0	0	0
IS	610	1	1	0	0
IS	611	1	1	0	0
IS	612	4	4	0	0
IS	613	2	2	0	0
IS	614	3	3	0	0
IS	615	3	3	0	0
IS	616	2	2	0	0
IS	617	3	3	0	0
IS	618	1	1	0	0
IS	619	2	2	0	0
IS	620	2	2	0	0
# Read lengths. Use `grep ^RL | cut -f 2-` to extract this part. The columns are: read length, count
RL	100	6000
# Read lengths - first fragments. Use `grep ^FRL | cut -f 2-` to extract this part. The columns are: read length, count
FRL	100	3000
# Read lengths - last fragments. Use `grep ^LRL | cut -f 2-` to extract this part. The columns are: read length, count
LRL	100	3000
# Mapping qualities for reads !(UNMAP|SECOND|SUPPL|QCFAIL|DUP). Use `grep ^MAPQ | cut -f 2-` to extract this part. The columns are: mapq, count
MAPQ	8	30
MAPQ	23	86
MAPQ	24	80
MAPQ	40	360
MAPQ	42	5398
# Indel distribution. Use `grep ^ID | cut -f 2-` to extract this part. The columns are: length, number of insertions, number of deletions
ID	1	9	0
ID	2	11	0
ID	3	11	0
ID	4	13	0
ID	5	10	0
ID	6	10	0
ID	7	9	0
ID	8	10	0
ID	9	12	0
ID	10	6	0
ID	11	10	0
ID	12	11	0
ID	13	8	0
ID	14	5	0
ID	15	3	0
ID	16	1	0
# Indels per cycle. Use `grep ^IC | cut -f 2-` to extract this part. The columns are: cycle, number of insertions (fwd), .. (rev) , number of deletions (fwd), .. (rev)
IC	5	42	60	0	0
IC	6	14	14	0	0
IC	7	2	4	0	0
IC	8	2	1	0	0
# Coverage distribution. Use `grep ^COV | cut -f 2-` to extract this part.
COV	[1-1]	1	16
COV	[2-2]	2	16
COV	[3-3]	3	29
COV	[4-4]	4	22
COV	[5-5]	5	57
COV	[6-6]	6	36
COV	[7-7]	7	26
COV	[8-8]	8	17
COV	[9-9]	9	20
COV	[10-10]	10	24
COV	[11-11]	11	24
COV	[12-12]	12	12
COV	[13-13]	13	32
COV	[14-14]	14	41
COV	[15-15]	15	18
COV	[16-16]	16	40
COV	[17-17]	17	41
COV	[18-18]	18	32
COV	[19-19]	19	12
COV	[20-20]	20	15
COV	[21-21]	21	17
COV	[22-22]	22	40
COV	[23-23]	23	66
COV	[24-24]	24	84
COV	[25-25]	25	128
COV	[26-26]	26	146
COV	[27-27]	27	157
COV	[28-28]	28	171
COV	[29-29]	29	204
COV	[30-30]	30	276
COV	[31-31]	31	215
COV	[32-32]	32	181
COV	[33-33]	33	206
COV	[34-34]	34	204
COV	[35-35]	35	141
COV	[36-36]	36	179
COV	[37-37]	37	181
COV	[38-38]	38	137
COV	[39-39]	39	150
COV	[40-40]	40	131
COV	[41-41]	41	113
COV	[42-42]	42	138
COV	[43-43]	43	128
COV	[44-44]	44	125
COV	[45-45]	45	109
COV	[46-46]	46	133
COV	[47-47]	47	128
COV	[48-48]	48	145
COV	[49-49]	49	194
COV	[50-50]	50	223
COV	[51-51]	51	249
COV	[52-52]	52	296
COV	[53-53]	53	330
COV	[54-54]	54	364
COV	[55-55]	55	372
COV	[56-56]	56	424
COV	[57-57]	57	440
COV	[58-58]	58	479
COV	[59-59]	59	443
COV	[60-60]	60	414
COV	[61-61]	61	413
COV	[62-62]	62	379
COV	[63-63]	63	333
COV	[64-64]	64	269
COV	[65-65]	65	242
COV	[66-66]	66	205
COV	[67-67]	67	183
COV	[68-68]	68	190
COV	[69-69]	69	145
COV	[70-70]	70	132
COV	[71-71]	71	101
COV	[72-72]	72	85
COV	[73-73]	73	55
COV	[74-74]	74	61
COV	[75-75]	75	39
COV	[76-76]	76	31
COV	[77-77]	77	37
COV	[78-78]	78	49
COV	[79-79]	79	41
COV	[80-80]	80	40
COV	[81-81]	81	45
COV	[82-82]	82	40
COV	[83-83]	83	44
COV	[84-84]	84	20
COV	[85-85]	85	6
COV	[86-86]	86	4
# GC-depth. Use `grep ^GCD | cut -f 2-` to extract this part. The columns are: GC%, unique sequence percentiles, 10th, 25th, 50th, 75th and 90th depth percentile
GCD	0.0	40.000	0.000	0.000	0.000	0.000	0.000
GCD	50.0	80.000	7.425	7.425	7.440	7.455	7.455
GCD	52.0	100.000	7.450	7.450	7.450	7.450	7.450
